# DejaVuSans | case | Hello (Hi) [x]
43 1540 0 0 0
72 1260 0 0 0
79 569 0 0 0
79 569 0 0 0
82 1253 0 0 0
3 651 0 0 0
11 799 0 0 0
43 1540 0 0 0
76 569 0 0 0
12 799 0 0 0
3 651 0 0 0
62 799 0 0 0
91 1212 0 0 0
64 799 0 0 0
# C059-Roman | sups | x2 1234
89 537 0 0 0
164 333 0 0 0
1 278 0 0 0
150 333 0 0 0
164 333 0 0 0
169 333 0 0 0
238 333 0 0 0
# C059-Roman | numr | 12 34
18 556 0 0 0
19 556 0 0 0
1 278 0 0 0
20 556 0 0 0
21 556 0 0 0
# C059-Roman | dnom | 12 34
18 556 0 0 0
19 556 0 0 0
1 278 0 0 0
20 556 0 0 0
21 556 0 0 0
# DejaVuSans |  | office waffle affix
82 1253 0 0 0
5041 1980 0 0 0
70 1126 0 0 0
72 1260 0 0 0
3 651 0 0 0
90 1675 0 0 0
68 1255 0 0 0
5042 1980 0 0 0
72 1260 0 0 0
3 651 0 0 0
68 1255 0 0 0
5041 1980 0 0 0
91 1212 0 0 0
# C059-Roman |  | office fluffy
80 500 0 0 0
231 903 0 0 0
68 444 0 0 0
70 500 0 0 0
1 278 0 0 0
110 611 0 0 0
86 611 0 0 0
230 628 0 0 0
90 537 0 0 0
# C059-Roman |  | AVATAR Wave To Yo.
34 626 0 0 0
55 626 0 0 0
34 690 0 0 0
53 635 0 0 0
34 722 0 0 0
51 722 0 0 0
1 278 0 0 0
56 911 0 0 0
66 525 0 0 0
87 513 0 0 0
70 500 0 0 0
1 278 0 0 0
53 640 0 0 0
80 500 0 0 0
1 278 0 0 0
58 620 0 0 0
80 486 0 0 0
15 278 0 0 0
# C059-Roman | frac | 1 2 3
18 556 0 0 0
1 278 0 0 0
19 556 0 0 0
1 278 0 0 0
20 556 0 0 0
# C059-Roman | ordn | 1o 2a No
18 556 0 0 0
143 300 0 0 0
1 278 0 0 0
19 556 0 0 0
139 334 0 0 0
1 278 0 0 0
47 790 0 0 0
80 500 0 0 0
# DejaVuSans |  | b́ d̀ f̂ h̃ k̈
69 1300 0 0 0
5911 0 0 -510 373
3 651 0 0 0
71 1300 0 0 0
5913 0 0 234 373
3 651 0 0 0
73 721 0 0 0
5914 0 0 271 373
3 651 0 0 0
75 1298 0 0 0
5912 0 0 -508 373
3 651 0 0 0
78 1186 0 0 0
5910 0 0 -396 373
# DejaVuSans |  | q̀ v̂ x̃ z̈ t́
84 1300 0 0 0
689 0 0 -165 0
3 651 0 0 0
89 1212 0 0 0
691 0 0 -94 0
3 651 0 0 0
91 1212 0 0 0
692 0 0 -90 0
3 651 0 0 0
93 1075 0 0 0
697 0 0 -28 0
3 651 0 0 0
87 803 0 0 0
5911 0 0 -9 373
# DejaVuSansMono |  | b́ d̂ f̈ h̃
69 1233 0 0 0
649 0 0 -1233 436
3 1233 0 0 0
71 1233 0 0 0
650 0 0 -1233 436
3 1233 0 0 0
73 1233 0 0 0
656 0 0 -1233 436
3 1233 0 0 0
75 1233 0 0 0
651 0 0 -1233 436
# DejaVuSans |  | d́̈ t̃̇ b̂̀
71 1300 0 0 0
5911 0 0 234 373
697 0 0 234 373
3 651 0 0 0
87 803 0 0 0
5912 0 0 -9 373
696 0 0 -9 373
3 651 0 0 0
69 1300 0 0 0
5914 0 0 -510 373
689 0 0 -510 373
# DejaVuSans |  | The quick brown fox.
55 1251 0 0 0
75 1298 0 0 0
72 1260 0 0 0
3 651 0 0 0
84 1300 0 0 0
88 1298 0 0 0
76 569 0 0 0
70 1126 0 0 0
78 1186 0 0 0
3 651 0 0 0
69 1300 0 0 0
85 797 0 0 0
82 1253 0 0 0
90 1675 0 0 0
81 1298 0 0 0
3 651 0 0 0
73 721 0 0 0
82 1190 0 0 0
91 1212 0 0 0
17 651 0 0 0
# DejaVuSansMono |  | office -> waffle
82 1233 0 0 0
73 1233 0 0 0
73 1233 0 0 0
76 1233 0 0 0
70 1233 0 0 0
72 1233 0 0 0
3 1233 0 0 0
16 1233 0 0 0
33 1233 0 0 0
3 1233 0 0 0
90 1233 0 0 0
68 1233 0 0 0
73 1233 0 0 0
73 1233 0 0 0
79 1233 0 0 0
72 1233 0 0 0
